$ANSIBLE_VAULT;1.1;AES256
61653831643437303731633762343366336338633830656564376533633765366561363039646436
3239303337356366363233663335653535633931633334630a356265643839326264373961663438
62633066663163363438663737363361376635653536666462366236613730346365666236396233
3239613830636231640a643465323166396362333737343665303131633664383237333961343239
38653032666132393434626365326539346235633163646135386531346532343134356235363064
36613436356334623061636635663138663635646237373666666666393333346537393531626364
39393165366133353635616333666536353138303162343533353530313935396539326531336461
65383432613830363430356231323237323838396534363336666438393065313435653134613864
31386631303761343066313434646232393863303738623137333936353232373263626231666437
30653965306139316635383938303763376239383430376435366630396131353861646139666465
63383930343038626365376135326366656331373434656339303532323136633135366537326137
65623435306232326464313537633632653465316163653736363733373236666362376338376165
64633765303935373966646462336433393733326431353831646436343965623237636264613331
61666466663031393264373833386462333734356163333833623566646666303764383536313066
38653036326365346339376438326539663566663262633534316235316365623333666266616364
35343933313030303864653736343738346265316563383138323562353562663861323261633536
36303665386261306535316332616533393863333266663765656162306530383630363733353235
35616564666561393938343963316131383735376564623966633639613935333862323764626431
35353362323334396231633562393664393561363633633432663762356335393535653666386530
36306336356134626436303238373764613833373566363435653238363563313661346330393539
30336630623332356663376365366663333765353338633865373133363833316463346431623562
38383561643233353766616336373632316465613238666435613561323165646464343931373365
37353439356132383365396235373663373435303331353930393261306266623634656332646465
31636635653833393430353466613934656563643435353166616235316165626132643963376539
39633763363039626238656333653964323638616162373862316365303633646162336637343135
36643835396565616333383138633739333634636666346336383430386563326434656564326633
65666137636462303235333132373761363838636361386465356366316237383933643736323665
65636139663862376362383330653363363964653433386539343561646635383963376139626332
65313066323064306633343034636335616433636432666464393039633732663964633864396230
37376265336563333831366636643339313836366161366630373164653663323336393530666262
30313838653362616363653265643162373661376331353732636635386136333366396339346236
64336634646630636535663366643365653861373937633834613562323138346437663761316265
63643030386235326136626139326537366136366637326535363930393365373939323435376333
36376135643335666663353535356231663266373631396535316230643038636330343666356631
66373537383764363732653864363435323130396162313738326639656164656262386535313064
30326338666534646630656337633466336330643363333936633062613163396562323339323164
33356538653037666162643732373362643834633333663431386363386438616133303461616163
32316337663537373239333235343137376335663664643733633563656337333432323036386534
63666333333135336438326434396364386263653866643964366132356637323439373663393561
31633961616238373933356261356435376366336565336562373033663661633764646561323735
31313335353730316463336131316436623634323061316661393566393132313263366562323831
61323534326663643733333163383363663365343661323533653833336334336631383630613663
36306138346533346361363362616134336163613264323534313966383364626635666534353866
64646330356535366366363631613931633861353662303262316562386539633662316135336636
30366438623738353435643439616336336230336563363938613539306436336135326134383263
35643139363361626632336163373438326531323865373038343435643939613961633065633162
39643034333431343665663430313731333536393438623462623636356433613339666261363536
30393336393862373039646361633930396337623861396561313233666237613632653130653435
37373636623035383233653466633663383733396461383530306134326439346561373831633939
33626139363262326163643637646438626662613739623137326331663736653865313633343963
35303232393835303336376139343333396665323930343832306332646132353866643336663663
34346330616366306465663831353334303431386434636231373264343962313530336137373463
36633332333463633562663937313034313132376337643964346336313066356236313661313430
63343864356263366135376234666330663738353662396432303561316666363661353465333537
39336262663165666335616633366361643234393038623435663931653233616465323766353239
31623462373838623561333730373333626565623531353831333433663861333536663033393464
63363861613061623837643232663830366537613439376630643363366638653564
