$ANSIBLE_VAULT;1.1;AES256
36323230373864383365633864366130646437323566636537303431393538313430343562663738
3162313139386332323731336530663339323837643662640a336666383833373561623937626361
35323530653138343739653838646231393364633632373833653261306230613034633739343131
3236393331646332310a643661313730623838373766653832366465616264613133336639313935
64636130373237626561363235616430306530316163646537333438363330376337336433363565
64326563666539363263663535343162626361313237646364336361616336343161353431653233
66316437633239626139383338656662643831323461363532626638373734666538653437306263
37663863343531363462333238313663376132343435393535393336393431323562333332353730
34616235376534663238313437343137396433356438373865333531383036356238333835343565
33633033303336623333353335363438613339393935313131396465626461366561663032353062
31346566636537643834656266386364633730666633326461666439316431353838656465653163
31383839383862306535343061306362623233396435633861393538616433376231306566653065
64373361306637636666313264383739653962633966633763313433313231386130653764396632
33346665633431343737383565336133313633353630346263303831666638333566303061396564
38333436363936306363386565353565343637653330343766316337323664643862393135346135
33316335643564396263363736636539383436623336613633373138333234346131383731353636
30313735633433323262616238653466323431633938393233646463326164343032656130313238
63623131353865616264333734336463663636376233316561643663613965373165393539623665
65333164326465663865303233376131353561656237303361643562656238356266663133313133
31373635663333303936393431333462396133393737373738313135636639336166343765316164
34366265643237653163383937626432336163383130383737396334383134353933633531636262
65353265656165393962333566396364343331653065303862663465623234393862313030316534
39343235626436393863386261396465636639376561633634333661363630656664343263326437
34643561346263323230396330616161616536376263636166646536633861326265646231663562
38663165373766333365353536343839666535323939663537323563633236393736613161353235
35396338353364656666386361616661326264373938323833623435313831643863343863323935
37663466343861613563636233646331356339663165316631396264613031656136376430333732
37626438303364663766343266303132373566326339353564633338326434333164333639356336
33313231663530363764616238633234383337653834643637376532383662656539306265343736
32633737646535653435363464623436646236623634393231616532646330346237333634383565
37646235356333376361366339613864623865383532633066323439616465356636346333656432
38353638363334393732626333363161303632303266636138633563616539383466303931396234
63306563633137656538633065366365383035313863306134613065303263316432306564613939
30653637396131373736303932613338383562623864313039643964383065383333336564613136
36383834633938636633326632623032616131303332643962333263363235373439613766373130
64366235303165616537666538653438383236626537343135376330643038396334626166663436
39373363393664303933383434613733663632636366356630383266393939396136363033626364
34623164326239306332633062353764653865623034616164653735386635646133383165353734
31623734393331353132626237623333393930613833383366386366613331303335306366306433
39326263366239333730303538346534303037313138343939333565646565343635316533633831
65663038666463376636626139346130323130353264623033343966666233393266653834326638
65653161653233626664373666626666396566626138366561353038396131646466643961373432
62356639346564626537383663316133646562366330613532313238336335373137666134343635
64356537656335353330633831616332323635323137386138343038376535313835373164643232
37396265623233396639393733653930373632663534363062646164313731363137343230626639
38306338313465323734313564386261636166643331323262373937653965363464363330386534
62333834633138343038666536643131343261313238663261363130316630366437333539336436
32393962636664356566303464333764653337353834313764663238633937396536316632656632
34643636353062616366333433323732613938663735633861626334656662663139626431636461
38393937633439393764656263396633396664336365353935333762323963643737326633336166
66313439366436373736626263373166396334393434643934343339653363366339376535643266
33626334343535623933356330373735353931626537363166363661623433643765323037306233
31316435613362306135653838313036343964343136643762636531663232353734323261663065
65363265313434303765323234313536313462393961653932623837333030616431653964373231
31363936666330656439383965663333313132663036613761373739306532376334653838653434
37643566393362363033333030646162326430636236313465666364663266343364633661353431
35383333303165333830643762643436313763616262356235366237393239663466393865633532
65366135323132613633356533373230633264303564323933326361316331623966636531333835
37316339313436383037303564663764346662303338636238613138386466643833393536663261
30366237613730663866663237323634373638646239383835313330383365656563626137643232
6166
