$ANSIBLE_VAULT;1.1;AES256
66646430383434623639373531303735363833373161316430666233623638303935613831323832
3833336239646331333064653233626234326638646639350a616566303563356432363839633533
33343231366461323530663261653264306662643532343264373638323265633033666435323634
3836626464633832330a326261623064313166353966363865336563343165653135616264306566
31313732353064353662376561306533653564326266613637636163653466666431643661343939
38656434636532346533346164323964643534383663363161643065613963613437613730303937
64343963393965393239656539353664336636323161313735663032663533663430316662643066
36326235353465383165343634393533633635653438343562323139383263316439653534386536
35386332636363336334326465383139343533306436386432623161663437326362363733346165
30386463343164343238616561343163343436643661343939636363656561336234316336383530
66396166613264656438616636343361323038313133313137653564366462336432613238313738
61343731396462653435626331333064646333326430633066333839326433623537306364383335
31646164656230616538633064353739616231373635636332646332393065313366343666646266
63343735643965336464346466633338323839616337336435306330336133323931313935323239
34373335656163373664373135626233633035646334343663646466623866386234373031373332
31643664646336653830613037663537303263353930616466636235303266383535346639326433
30656235323163303537353132646139343539393837333464633032303562373565643434366231
63656562663136323561326363393736653561653330656132343434373366393933623931636136
62366261353536323131393430363438343837323236313033626566663934363835633066656462
66326139306663373331376634393064393365633161363961343765316532623133623331326435
62383965623764316638653533373463333034333864303762313934363561376139306261333432
63323938316536376632363061356164343834303261376166613862663439313766633839653733
31363765343234626635643863646661306530336566303236336466336639626263373164393338
65326466353761653364643035353733386436656630663561663963306164363862663662373966
63386461363836376135313830366435346235306563306330323631386536363130643033613863
33633038633734323337396664626266626639643865333937353566333766383932343363396335
65333530633164666535376230326234373366393431623832313639663539373232643736343166
39656232626335383038663936316439366139326339383339353732396134363732666265383266
61393061646562656230623266636336636231363836313661623836313231373863646532336132
36323964656332376433643665626136613962663234646336633938323839653262393034646266
31303166376563386463633934393163663939366634363131373631623561646566656335643232
30663432636333653062303534303962373063656166646634393138353762343739396462633232
38366536313938626437663830386461333732303133343938396635373836303337613939376464
63333632356434663333663632353937393038346539663938346531346332626438316161313764
62666262306366663733616163623330383838323237663736613533373166363137643335303638
36613262626163633463656230323731326136356333666538386662656263643764306366653665
64643331663465353137386634333562633138356365356134643638643465363464323732343662
33613135626534303631636139356638623335386231643632623434333861383335663433326234
37363134373934383661346335656331616437663365623331396164396561363561666135353061
64393833363561633164623733643364633136363832653236633134363965376137656237353364
39623230383463373435383534663230393832323263353338643662323834616266623232376133
61333461343037613930353331656232333939393238326464343063356463613430393963316231
34326365616362313231383564636532306662626138653164393533366566636434386535663631
61363466353135353132333065346265633932376237303262356462343338373635656539383661
61303261626562396231333762363438663865313737306263313438653736383165663065363261
39626565313037343562656532613365343463656330636539393535643565646235373063643063
36646430333335613032333064383235373062336230383463303839633334353636613930633333
38613135316562653135613961353464643161633234326165303837336337396131616137303239
36356566303538313531643734343335666265656430326633323137363231616239393065356334
39646133326265316230363265623230633563666363663831353961633066376235643239323232
38306435313634333063646133343664306361336237633532383065306334336639356633646136
63343137383032393630366266636332306539663433386134666161663038333739373166366238
39366332353530306234393066393830393033313236303930356434383633326239323663363035
62636539643962613762393965333739613235623732353435323439643333323262353766373735
36323734656165386266663338363666306632356138303466616438343730373232636336333034
35323163356434653132363632373735366532653666316165646362386463313236373066343235
34306538396437336566613834363161623632366166303935386165636130363336383464353838
38386261613330613663623563616135376532393235623965323735613137663965636332303332
35346264323038343164616436383039303834383839623937386237376537373134386430333361
30633661666633636136326337303862616638656132646162363736383762326432306165303061
66633261303132653439353930613130623338613930386435633732653231396138646439656339
66653865623432356562306337353763346331336433326633326666633738666638323637333961
30373363653932613435623233376631623438386361336161323731356438363339376534663266
33386336646466623431616435343765623465316437663732646531646132313962323763663638
39616233303234336366623463316131623366646435393534346239343238323436626137313461
33306462346330316236633263663065353834323731383139326235663033376265386665336362
39393333366430386432393563623733666363333233643738633531626532623065313031623632
30326234666238363663656439643338353833336332633739383032393134303663363938336466
66313434333362326366643139373731303763376134623563343334616432333332653363666364
32303362386531386532393462393934386366376164336436353137383832613036636237393662
36393462633133313737396339366363373539303862303564656239316634663964346662323561
65343235616131636166656563333938386166306137623062366436646132373537616331323237
34653235323138333364393630646530616536386530353234393061666439376465393963336331
64373332393061656533653463623432333038366463616234653235333435346437363533326661
61376365333731326436376531313133633830336332373165333661656362656431623933623732
61653135643363666165313162613862653937383937616233663637386532326632316663386463
33316663393666316233313133346433383433313463363235336133343339663965626134336462
32326561653738313438653863323134333934323835336136363837623430356134343535623031
31306161616265313534316462333833636633333762343063616133393662333262646334346166
64313663663066636462366164623664333139356335636331323663306465356362306362393338
39393165663630393235616534383264653361383636646536323638366634623436373436396662
31653634343036353162363232643364393465656339376338663136373434363133353739636230
36306330366462333737656139643534366130333561303433356264656237313534633165393936
66336365383464346434363936366262616234343036633562663537396539623236626339313736
33623063393334346438306238323664626661303731643964346463616133386234346135353135
63663564356564343566663232373230376337363238313939636634303235663666633366623562
65643665336431396331613065643532363439613939663435373630303231613232366465303934
64333065326665323335653338336138323766323532333166363431613632653166353562653061
63303835376130323261386135656638306563353465303833623938353939326130636632323435
63643739363432393539333436373035383532663666653265356535383831366136326231636230
34316566303539303232333466643864313937323238353562656362353961626466636638373135
38333462653135646534636331313631366434663963343533336135393335393531336330306434
38626264306639303766636334623862303632396139643931353165383137393031393062333438
39373761656533343732323061666635326231333034383136643238333333346135323833653631
62643462653662376631356332356162353239616265626530636562633339313438363462643039
37383466333536663433376138386139376262373966383637623533633866323037393733666362
33333831376233396633356535383765663431313033353938396530653764633865616232386262
64333830613138656336326265336163646130643130613964353866613463376462373865343430
62613038383366303535613537323866346433343636393163393534313338633263666238373036
64323732386365626236666164616237376237343932333331333737316231643138383364626562
66383731366162656537313563316231613330656363393332393566386339333436626333393238
61616334346261656662316565663436636138646664646263393037393962636334643037363066
31313132333666633733343631666331666239376136653338336232343936623939346464383830
66356335343563316435353761656536353362396636383565393734393761373263663161616138
36306161323236623461376532333761306665373635323636306333313561393666633836656330
34386336633062653766613032363562366330653734366631323431646439393763633133373936
66646532626261363466663962613761643739366434633835303939306264656237386561303364
62356665353163613465376166633061396131353232366461333061653439663334616433356138
37623633393431393437393635376264386163306265383565353837373637333530666266333337
33643538353435373862336537393339323863616166643135346234353632643033363234393765
63393030303364373231653734666466616165373936303633353235393233323064323738643864
66623634333338643163336431353632643530636533653166663565353739333263373561663838
32383564396536633938643531336535613966396266653861623230353934616433643965623137
31393866633365663264343138313031626465393031303338663731663737333963393235383031
33363733653334323162383635353766663538373832306234663839353836663430653733376265
64336161636665356537333166356439663064363865646636323762396432366236333836366130
38333136316235396537666338653462636663383039346566353130356464636561373866626365
64633330303531663666613563363237333036343563346461613861303664313133643936363164
35613634326337626335356331653061386438313938323733386633666237336262353636353536
35666563623563633630616466353535373037663631323066356638316631356362313039363131
65326666373632326362623465666465643966333864383935623938343039393738323137343538
37623532303831663165616230646565313262623936366433663064306161623338353830656233
62646237636132366666666364383866356137646531336532653835636636663561393336623430
66643537636336633232383233626461323231653466306638396363353031373963363866303064
36343938653862616338343765633933373034346132396230396263303335373161656338626564
37666134383262333366373833643434656533616435336233643334616266633634616338303938
36323863383639636432333462336336323261356561323761303963333365613732646466626535
66356665656235643239666261623961663039643834326564316261313364313066376161653065
62643036356230306637346539313864656462623134336533613332623136636134353766386361
39666661626665333462653432393062303562613139363461393936646136373366366237646166
64353134366539303132313562343536363965623039663534646133336538343564653164356264
31633537316431323630656632326632656363333730623761643133313963353133653030623066
61393261653636343764383536373065623038646162356565613732316631393839326536633461
65323266656336306166633862633966656439333863316564356238383935336331656164646134
61646130343639336431663233343563643730386664663264386131363732346662363663633735
38396465326334346537666337633132343666363065616462633164383261656663636537323564
36626231383039646235646233663762613938646238376438336165336532653666313864353463
61343966353235386136366563383264643630396333393937623662366237353435666538373037
36353761336531646636633137336463326234623264613730663036356263326536326638343365
33373738353735303661356139303863323338363230393136306435633034396165643935353534
35613733343639383137646662363266623463646538633161636135383464646333393964393466
32663031623162643733363735376166613065626433376333636533646230373036393762636130
64343333636438353331343132333633363639363861383839626330393861303361626162306239
39333962626438656562383539383839383037656338346435613938666238646634313535336263
31323334663861303962316461313232633632356334353164613538326632393565306665326364
33353333373134653935613133306238613165383233313034633331646237306261643564393163
64383138373262396365333535643638613738666134656331353736313861653764623166343164
65633133643039643835303333653131396664346562396562333435386632326432373063616637
33633565333630333932396365363339303662393634623531633334666632303832306436353536
64333232323961343063363863383565623734653364383332356464633030353432363764393363
32383931336239643462363833333839663035323638613638326263353332336135383933363266
35636138663230383231383766613434303437313539643435643534373238643235306536666639
63383530613663643337663433393435383533303737633436663965613432363664396363373833
30383339303166343438616538653062383434336633396438353665656364333333373162366166
62626464383535303537306239393263303962653436356330663464356430363239386133396463
64323539663738386365393662633832653464653334383139376163633664616633353434666562
64613631643661386537623763656330386136333336323036316332353764313133316164303338
3839353334366264353330333331663039363765363139343064
