$ANSIBLE_VAULT;1.1;AES256
63393831393230666438336132303930333066643537643936323138323834633635343233323333
6132363562383064383030663932336362613361643939660a636262623332386231333532353234
30633965333262386530366663376266653136666464343032363134656631633866323364643936
3130383465376134340a303562316434636539313739633532633435386465353666353936323933
31663133353433626336346332363432666238636138303932346330343332636365633633663434
31626164653237306639323764323031376361383930336238643335363438646136346232326639
65653661326662353135343330313434656331656165333138643732653365663938353832316135
32616231326163666235323530363439643063346661313339393133393863616563633361623939
66383962633933333030656433373630396536666463626635356134323863633062373534613232
66396166393864636537386166626364356533616363363362653536306633333331643834626137
34313535346238316631663339623664636535373166326335343139383137323436663537306134
61643039386466396633313463633730363561303439343730313831323438383664616665353165
34343863393935653830666664613865333030636539643564313431643865313632
