$ANSIBLE_VAULT;1.1;AES256
63633433366636666361666133313766316434623133333361386161633564366132643337646338
6662343832636532373830653438663439303664363231300a313163336138616533393738393033
62393565383866656139613333613063643433373539666633393461643532313663356364633834
6436666534613731650a656538313761303065386665643236323635356561313937343137316436
34346433666235626465313764653238663338616438323832633535393938636562633637303638
33363966633166346330356163363433333866616361373135643064616431326365383637633165
38666561643865643164353333666634656632656533336266316130366630333937316536383862
65303365373861643163613137333831383631303863326634353761303661393731393165373731
63613435653563336337366666363435373735386237306466346435626666626165366165306437
38643964323731666136623230366535386531356330613437646464356362313061383665373461
61613761643863653234656231333735623531633063393861313833316363666662633365393335
31616264303237326362336131313535363233326339396239343762393163356532653934366438
37353539643665613362333437343936376639663530373230303737336439353565653731313033
39333562393264383264663034653433656332623135616635626439646363386130346466663737
343461326265346236633462356637393030
