$ANSIBLE_VAULT;1.1;AES256
34303032613865646266363036396537616163623262356637643336643633616238363133653363
6164313438653031306363373134626363323166623562310a343731643733643462636537363161
37346166656565653061623930666466623937373431353334336434353530626461333032316362
3830663562373663610a373231303466383934346435613162306138376531393233313834343131
65616130396665326565363536623365353166643765336331326462353231613463323266333035
32613934313930646331383362636663633030383135303636393166323137383161666434383231
62333239316463366663373539313038646235353835656363376134316538646362376634616465
30636236353534656435613763383665666662376537616439306436666464306161366530326531
38306132373762636436393235386136666364663938613238383335306332303161326166663761
63343535316431613631323137343235653433663139653462383438646639356266393631393962
35316637623535343465653761306266643665353461366262346263373939633939396262613164
39313536643461623337653936303064333435643530353962616633373165306433643337383134
38386334356632353739663763386239323234653731353239383835653163363339636436643632
64306435326439363538666131646636383264313962633530616337326138626239613732653232
323363306565356430386264376633626636
