$ANSIBLE_VAULT;1.1;AES256
31653066393962393537303532626261626466353166653031616330356632303933303033346332
3139656665356332333661373566626531306364646232640a656533393666343439626631623263
34383631353862316639383432393531323139363933643635356462333338626663306234323835
3938333430646234390a323037643637363033663036633964303334383765386636313236626539
36353334616662666534656534323362613965613538653662343737323934653866646236666339
38386339393331663533623230666536313631656564303239373866383933313063303463353735
61326238623232393464343032643130663838336131316664306164353736646331313238326466
65616135376166633565336664333862316166356537646630313937623563376165333064656532
32646263366338333166373738336335643064383930636630323937613933613030386634396632
37643931353830343834623130393530643164363031373634643330663738363663313164663863
38623262336262313236616432646439666536343938343832363739626333643431646537383062
34346138343932353336306433383433353539343139356262353162373634333637393138616261
63663036633666366135663434366133616137376165623931623466393937623638386465393437
31376236343335343766343937663434346264383164346562356361396239366364303733313032
30316633653065646663653534323030306437396137343562303230633734333763363566653564
35653731643131373734303934613861383336386130663961636262623965323033666332303761
36646366373761366435343862663837613465636262646433663737333232306566613161613636
65316566393761616233616635623530653133303763636139323865376437303663346663643762
64313037316330633733616261333263386231326234633962656464313731626563623635316534
66313538333032653535383765663166663030616230633933336332653363386164626538343063
32343764326438666661313437373461663933373564376362656538323436393938396562373237
37613465376232323166636339323564623239353233613963366232363937623162373239393166
36626531316232373361396166656233333139386431313665663065373838623438656532306463
64373732653531663161316535323034663738313461343531643431343262376465343230383630
63313461353061306431613736653433663636613135323966623939346466303631313034633035
37636634646635386263316636333336393664346162623334653736363134373535376562663736
303766643763663862633363623631336535
