$ANSIBLE_VAULT;1.1;AES256
35646234363266353064303035343530633433326538333034353066663163383938663364636133
6366326637636463383461363239313634373835323866310a636565386530316232333137386336
35623733333436313666396230343834323362313730643562653265653832636636653361643161
3631613833633333320a386536663931653330303039623362656538356562393833386239636662
30363338303331346634613130386633346636393966623933633931396332396461633333656631
64343230646237636264353235663232616661306639343633366566353036303336356365366235
36396663356166623066666237653630653063303062666435643133626532383736313361316662
30306536646139386466363866303035643264663632393834346132303539386161366330393061
31643830623062636236343735353833343938393136353731613439623437316265646537666463
32333233333161306532353131616532666265306337373862316334323161663063623535356134
39666230306530326535316462636266386464633137613337336162623732343531383037616234
63653465306133636536393665326138326464626361383032626637366133316435376266336365
37303237336538376434363230356666363464363164653035623165653734333834313037366230
61643436376465623532653865306562633935623833326166663434363237373561363661666661
64393237623431616262343131376633316634386265353164336232306635303361623264366433
63356637363838316438643566623639663435646231636365333061636533633265363934653034
36633132663933383137343931343762623961373065363934623933616133323738646666306436
32343039376239633663383735303466306538393730376565623962336135383533626433323631
31613339333066333162353532643761653665636261343630373031613334383936316130313963
36343936303037623731
