$ANSIBLE_VAULT;1.1;AES256
38353464376430653163356361346630383637343964666662633030383135373165623236623133
6362383962613562306665316434613530623739333739630a353963313230666636323162663038
30653934633734666432656238663939393038373735393864656264656264636563316336636632
6332306439643465650a303133643337373633626532663134666637663334343331323630663136
33616135306465626533353064663235383731383431346232613933613931653634656336333237
36326138636535313339396233386332656565353162383262633732366135313635663061356264
36376538363830313362376561353937336361656566363333316163303434666464333436386332
32363237373031316331353039393639636235356339323131316663666134633934646331613163
31303665383766343930666233386533333936616436376530346631613033643635386339333731
39363466373638653961333833663630656266656638393830333363396263333662313831653531
39323333646432393064613765303332386439393231383161346231623835636166373235653132
62643532663037303965363133373838303562613136626663343366396238366436326139626332
32623635626534343033633433346561666137643136323834636561396166663866343362646630
64383566333234343434353564326364613533383963363334626664616336346638636433343261
37393539653161376534323638643466363439393964336136663564323162333732633666373136
65303562363635353339656638393235366130366437333430646366376365393362303464383731
39333964336432633536643034653163613639366437626236346436303462373862303937616333
31623834353465336431346465313064393833333530373238393263383637626635643633303637
61616330643161613963666561363464373237316131363538646236626134383830373937626661
35396564356262336536613165656538336361383437353835303336303936336265373961396564
30613939383730623861616438326237373637643263313934313834356664393665643233313566
38653063333566613565656632353531343063363562633337313530656466303935613161346363
38303334626663333762633630393831333433343532333563306562623431383366363934636535
63393138373933343263643530636339323837386635393133633566386265333536353632303435
31386537306233333766323966613932633463356637346466373039346633626632653431353531
33313832323736343561386261643361353166386632383561313462636365363765396437326634
33306630376533373034313362663863663263663739613430393661376465343763353833303135
65613434333464343438333164363831353866663262343562613365373862343563613030333637
64653830623761623062383365623833663538313236396438343063386637626438303564313037
33616639653965323563326336333264336334363163363630633632346539616330333162366336
31653137393266623239306130633935613831316266323465386363346537313161653534396465
37376433353035393965303736666161616232303735626435643835306539353666333039306665
63616430616461386532633938303362623439643434393166613936316364316234333635626436
65306263666135643066323163386566326539323636663763366665613334643963643334393337
39383134616134343237393732353538653935366463393966313564636533646662346431333561
64373734643838626663623536343230363631616333313666383861343962316438363535623033
38386335376431373761323737616238656464303765363661306463636335346631626634633262
64316337396433363831323239376335646532353165393931326432653761616664336332643066
66613430396161343861393831373039663162336231343034323363366138343965633439343261
35646364373733633866386630633635653330303964663366343562336334666461313737316463
32316565306266636534646539333662373062303065616539616162663438393363636331623634
36633831376163643666306462663335333164393939373334643032383732666439386231336636
39396134663564313935396233303466613439353738333538343862663166646532626333376465
33353164653536386266313737393036376230336631633066623434313336626661343135613533
66633035353430346532383166646566656365306162343638373433666434313239343665326139
38303032653332323638613133656131323635393636366530383435663737326234633363353233
30313062306366643566613466353839643563646533366234323730363030316665343732383365
62366630383161636564386638363964663362646637633238356235333130336131356536326466
35626632343337376263323965363662353732663233643433303036653961313933636130613738
62356161353866383435646265313566383935373030383437626330363235623262623738366236
35626262353664356135653235636366666133656361643830326231313237316536343538616437
64383664346235653433356633636438303537646162633031646639613965616339333636326166
36666166346166613437393139623161646434626362373236663436373833316164386162656563
62383032656363633938306265323266313735316132323433373866323739383637613337386431
61396666383761383062333438376436646534373532303165376566393063366665383561376232
63336533373235396261376361666335326137363936636536313739306134633264626661613138
33326431313464643738306436653136643833653632633631303237656333643533376134346637
38323532373632616463636563353437663335303938353261646634363236363963333733343662
65393431353761366432396530313138323866346630623739353562396535336437353739383265
38363962666337653336353765313536366436353138636661643732623164623032666534366661
36316438353731386136373438363634633038626262383339303735626333373439323635633861
34376633643966663330636664646334343663333437303965643530363664316535653832613466
65383937306663613633323634306362656631623730333564623038363333356134633263373735
63626464663565343039393832386239633466326634663332323935646639356234346332303531
31316635306239363630323532666266616332636562303336663937396361356138306566386637
62643666353339376130653862633763346262363639333731643137363131316664303833616230
61623137653438396662643338633731353937613234393830366139313833636564326665373631
36383861306436343234613832663335613661653664333339303832353864326337663361666237
33386232306535323462376630386162383533366261303862353135393837346330353836326533
63313036323830363836663839353164303638336638306465363736326430653436363064316436
30316437313365643138653731626463316261343039383564663262373732313863386466303865
31313461663439653363643530643931363231393732343661323139306161643835646266656165
37326239663336623564393564633333336337306266386433636133303662343362666634666637
32663733316262386532633136313263626464656632663830633731623035383634646566393665
36303037643531333435336637353464653061316638376331656137613437646337623061613136
61323937353735303739333337373231346138613365653135653362366363346635306364333164
34636430663461626565666139333430666539326161363866303232643630633730343332666434
35633330646436373763323762356239363338346161303665336336366265303031313838653762
32666135373532323537613064663033323563376233336165663931643432396630663931666238
34353033633061616639623633363665346163623032656538346337303165653731383961353664
64323738393332326363376431636164653362633630336539323862326532646266376432313334
34623230613964316563663066376631613635363135306566336132393661346430626238363962
37386163336630616434326435306639633965323364383861656238316531646133613033356266
62306434353966343066393930396437633063396631666165333835353566613037373335633561
63303163356439646238396139373434303033376335323362626234323536313937356433646534
33306361633838623832336562366335653533663461326632336538303237373138336263626165
666664626538653730363261393261616133
