$ANSIBLE_VAULT;1.1;AES256
31626163393465316438326330373063663863336534633266656138366337393462646235333262
6239326163643831373137666266663065313066616532350a376134336564363834323336316231
63376131313536646231663163373938613661666539323161666139316139636437613634396239
3139623064333339350a316261393638316364656562383439666135343030376630656164363166
64363563343364393666633235363230306530666239356438626663626339393562396664643765
63396634363663313233363038343763363161643862323035323630613334633664393837643662
64613635633038646135386464656563326231336465333434636533653565363232396234383538
64663039653462303531653032613866333535373062626532376665353938386335633431393836
64303735326530653636363263356161373364643234396331623336656161306539623836633062
66343264633337633034316532356462643065386565383830613039616632383833633261343530
38376530333932363539653137616134366530373139383765646565366138653337306137373661
32363533636432353433353630663034616537616438353033346339306431373866633139336532
66376362346466333231373432366138333765616339633863356133653966303961633838316235
64366331353661373561643662306637393735376138643630653963396361656566666238363039
38333634363431393563376362613062313732316230663736613833303436373836373137323833
38336462376532373365386665633966636631613034313232623139306233376530373461376233
31616136333137333436343962303163623832366166636264323635323337363438343230346164
65633266373630653539303431303939356330313265616136663730646235356630376133323738
39306538386434373136316130626237646136356432653036613830636535363764326332396339
32336365313366636365363535656136623761646633656633323865386234653235626161663539
33346630323637653263636166643930666366313264636431303736613731636636646364656539
38643862356331356463646436363131653432386461643439633131373065646561373831646338
32306662303938666134323838666536306566343339376563313162613762623830613863396539
33323837336462623937613738663634326637396532313631633963383735396138306631376530
66303331373532623362626664316361356634396162373163623561323962333335393032653639
65393133373533613366656666626631316362323863653130363338313733653731653437326535
32656164656437323162666533376133646630363065313339303634333861333630646134626263
37333762623934393037333430316138313338646163326165356336636130303462653930323139
32623265613435636233393038303865653662383637383234636361393030626639636132303462
32363136636633353632316331303031636265333062356161626439653863363735646666336264
34653262656361383432386239643561643833666635643234393938366133643038363038386231
34353038323131333038623262646638313233386461353837653636366466393537623432386537
30396431623262663535313465393439303732346534323762383737396664386235356261306332
34623933663766626431366561326433323838616638363035643930303265363238323666343464
39626337303661656466316138663565643336383739306330616238373433356334643365616139
62316461663066303130613631383030363434613435656336356465333463663138333639333436
30636266386531373039616566386635366662303937326562663833393566623339366532623735
62656233353035643638666434663239663633613634393237313434323635313863343131343236
62346562316163383966386361623637323839326661396136363830343230643634386638303936
38336334396433333362316432323961396532613164353664633334303666303932666336646530
37376262656438386461333864323763663330633035643664623333313336333432353839623935
38353439633161386431633965386464623062356438383138303338336330613563366338306366
66633634646363646162633861313934623565633263363366333262643238343861383139336537
33346432333139643637303965303132623931336231326261343536376434633334646464336232
64356565623365303665643265346463396235663436653035366566636633626264613738343333
36326262393066356461363863326334646265303637633436663431613436653037613533326438
31376333383231616631626433356634376330303662656139336365323831613338383466383036
63663766626538366462636634343339326538383365383834363734353032343536656231393162
38396366383961633964343964616430316465643337636634393438653733363963633834393164
61303933323833626230316262666539373931343762656264623634663164646561323764303366
65653532386637383061346164633337396562343131323336316230303730313461633166653465
30356461643934316234616437306162396664373438643766356238353536323836616365313835
37303332623462333531323462343435356431623039313637636437396430363336313039316339
34636264366537373636616637656266336461373430346137353266316636306138623939633438
31643062373163643033656537376532666563323965626332353563343561383335633335383664
64626133623835393037343265333030343533393663353263343136396165316136393232646563
39336130336232613330613661343632303765303632646163323936346234656362653335333834
6330663061373637373837373837333464663133386130396433
