$ANSIBLE_VAULT;1.1;AES256
32396462373061646130623336383238363339633264663239633366363535363333613962303566
3264613334626138663962396338653233356231323239630a636262386362326563343033333265
64346336653937613134613061303535303538623961313162643864656533636334353537626638
6136313066313565620a623735316333383637643564656238623432613433316532313436363437
32386133623636316464393732373538626539393532643330356162623130386333623262343738
62663266353337363164316138623663326239373963633739663130323037653737613164633337
66613939616361636631396533313061306638353166616231326166396166373039326233643261
35363466323231653335326335353439393734666636346666336338343834313936656564343265
39656164346666333336623963633535626132343664613434316361613363633564663562643437
33383764313433333133333539353131316263316136333033323137613837656436373031323033
63343537303632343061306666306137353532613061356334666333643633323166316165313862
65303063336439623338666138643163656665363435373063313639343830383831353133653134
37646234633264653633313530616635353062366630623439313565313135396332623636376632
62356130643664623039323135363962393762333964303266633064323630613230303964626163
36333935646430393661363638643364613135663837366434353333643232373130363365316566
35636137363939373734316432393266323466613333366335356162396566396336333062373432
35636635323765613165346133653336643066353138333862386162303034326166393531633535
30613633363036343432306266643837653535626133663530633862646466346530613531306430
64646265353563343232396333396262353337393838323666343332363631646134653133613236
35653932303061363930346265356137346436323830383366353266623562626135663337366434
35393264633462333863646165383339316562653064333039343335343965646261343563356363
36616634613338316264623735643939613432646333643337383966353264623266323563616562
36363663623266386338623763633539356633383763333264306562323963636633313230373035
38643265353262383361316436366463646266323561396332393233313437626165666234346636
37356664363365333732663036663665323466623432656637353865356636306533663530386462
35653435393530633266386436303636363232623766386162373561303936353134333938663539
62313338353562623064366534333139643735613932356463313339306236643235363536356437
39646664343139633231623835336133356237643439663463636464623033386239303839316434
35623234346366393530613961646634316663393961353136386462643866383733343861383630
61313836626563613964643666326538336630336137633962366633323730376631343738306634
63363661663537333732643966396436303836363032333531633862613166663333353734333434
66356363373639313738346636353766396136316133343435323363343634353733653265646635
3662
