$ANSIBLE_VAULT;1.1;AES256
33666436396438373133313065373937323162323433353130656361363763323635383935313131
3838356563323836303038646539363436303666306163660a333765303262343066303334643530
64373061306535663964613438326666386666356262336138336261656230363734646236363063
3664313566383636620a373061623663346263613938326537313933643730383339663838646462
35656236383333363832653764656462643565656438333038333362626231396663393062653364
39316631376530646532303164656465303264313430623064643962373862373337393331643030
38303632393030346331373337643838303263663637366635653838343432653431613766663762
34626337303235613939633531663235353363623636383662663566623536346463643564663264
32616434333431643833343834616136323366346633393433353932333739626263306136316533
62316265616462323130376235656432346463363839303963313432343865386239656631356239
39613963383962343536626138313464366639663739326632633834666331613464353030373438
38366262333964333437393934303136353834613635633065303838323666306538663030386139
38393064323663343731353931333163386563626230613562366361376433366535373231343638
37363530656134626435626138353038396337626562396232313032336339666634646130383833
33333631323537383438353063336135313237613435346539366364376663336535633133373564
31326561393631336163343763663935646565346135636535663939346139393633353362326630
35663138333264333630616562336164383461383331616639323866616331343936396432323237
64383361653736346361636238386562346566383064666638623535636539633638383563366466
33373365626433363137313961323836316663303230303561323339656338363734363362303136
38343837653863323739663330323437346666313535336463646236356430313163313464616135
65343361323461633339306135363162663566623536376337666165376161366134303564306561
64653964353962666139666538636533636330633131353334333265336533313339336132653831
36613261303962306332363835303064333638316537346637623037313039306235303034616437
64653265626338396565643864306637653234636462366630306533643932396237613661666539
66666138643033663332663866356231306461323938303234653866363635336164623563313038
32363232393436336131386263366334663439396437623037343365656131353738646464396130
32653664323230656634366566366538323233363936653135613135373935346432643831636334
33373765323039393163666236653038633831306562306635323265616566663231383930633833
33323133643264313665616433653465313266346236313638353461643164383837333464626262
65623336336663636234373836303565653035656661656263666235656439646637613133346534
32616333363765356535356365343731313735333462353262616232343337336331633466386264
30383332363761373166626234393265313763386166333931643430353734656335393038373634
38613964333262393732333537303862346262343135383736333938306636663630613532373239
35393831383036333237666135646639666137353533633036303037313235646333376532323638
37346664396230383764316335633235613261653630316563623466656534303739333737663530
66356136663934303631313164633961306539393863346465623639313632663031643136623433
61333464386139343662383264303234663264333366623538303666643539363465663063653438
65323563376239663866626632646662353033323538373530616638346633616638396238616338
30326261346233303637303933366361626538383937303763646663356337646464643465396163
62613736333830353536396231373138346534336463633431383962633632633063303838343666
30353364383763336330623562643763393734636338376561356430326237333435306566333239
38633336346237663061343337356261613530376565356431336230373638383338353266333137
64363936323630363761343531303236663564316463356338643361373865663239616163366635
66363635316133313661663561326434653065656462383634343663363431323631626166393532
37373263336137313636356631316532333364663763313765333765366666393165
