$ANSIBLE_VAULT;1.1;AES256
38396662633336303666643937363331396331656438323264373837326235663735323234666431
3232353738363834656536333863356337613266383931660a616666336239633132376162326330
37396536333336323562326461633438336661653036363361386434323733663539623664373162
6531633964633063640a316535366561663838393133353939313632633030613164633964386362
64646537343335646663343861323130336132323432646137653631656565373464303962326564
63336465326561653736323966636538343332616533323939343638653633306333373838343230
66393866653637326561306466393539313138643835383665343336613235616432393637353535
66356261373966613632613437343830326237373630343233393361376630316263633638623334
66313930353762636266303364653861633162303033396563323437366161393466633237633330
39333731346166336666323961306461336363653637626262363137336166383538303732613465
61316331323764623563663362313935646630353230383338343839393362363463383431626563
34303064613962316463613931376237373638623162366636373839646137383133643535646538
32323632303234343865626532613263333763373863386338313966306337643536656135356330
39383066396335376638336335376333653361383463633032333365303938396137336461326564
63636564333237326437323366363864646637336536343065633961343736623939396639313133
35373361333563356231383162353662393562383862326437616262376464353633623563633134
63333761303664643033393037313738613434376333323537306162306434323230393839393630
66383439336336306239343863626264383232616339653233646461653666623662626161623965
30636338636633363864646337376232396231613938613263633432303732343865633136633534
65356232366431373232646434363734386530666238343761353938343264613962373866643163
39306230643265643733393832323036326665653965353734353662333339363666
