$ANSIBLE_VAULT;1.1;AES256
30643561646437633662636562333362646537653964353465353039353538653863353263313763
3937306266323736316566663535376163643164393634330a386136363263326539636538653331
32346636303066643366386262356630343230643237646336356535396165663466616433633964
3530316133376530660a663665303736643130666434396261613333663132656666333566623338
32326162396638306135393033646661633663373761663163333835396330346465363663303964
65343433313965336331626137336164373938313761363231383466313761303730303666376430
64623661313861333539303764353133373436333065303766396535326137646165306266643432
66643836626237356164376639333637343237343335373334313736646464666662653036353962
37323736653337653730336263633334373234626665353037346637623861623863353466616330
61383861383938393537396339323632666635343537313635383331386436616330356531393464
39353964333536663037633935663938353130333564383466326237303432303361316635646264
30653633383136613730363031396231366264653431326663366135313835613338333366633537
62356439363133373262646363646235313038376531346432663333303937613630393663363163
65656637303333666263656565356461353437643432343733323636633035333763353738613962
30306435393963343037666439323437336264353165343062383139356462376364316161303930
38313135363837326230383330626164386530653033666137663061663539343131363866353965
62303662383130613834343235383235306430366436636666616539623136393966666166646232
30623366346132393430373837386261356131303437356533643164363334366439646335303638
32373533373335626662633034663333386531323633393066303936663263313263633063383162
62613538636262666566383737323030386362646531353833393935643434326433653561303639
63313732333562626339646631366133316535353634373339613465356266333835633265363962
61393336313166636162363431643335383964643933373537336431323162353264306364303230
35303532343564306635383364306233346435363261653862363034633963633339393763656233
38623931643265303937396633663538393763366237356132323961346162333965353937333838
39323031633537646662663136316135663762323739663736303630393462633963663138316430
36336631613037363165343331386132346666633161373832303262326666653833646639666133
62353638346164666231316136393131396462306266653261393030383862656232316662343634
30313733373766656636366533303566616662643135316238343164326632363530386133353937
63366631653765323961623564626161363337326232636230376437393838376431633634373862
38396536303937303065376165633734333735366363643535653239393931633433353435346237
63306533303938353938653238663631373364613232613032623066653836333832653738653234
30623934373931396465353539353036333032653062646364643839326238336239636361333262
33393332386134613962343864356439343935626638663933353831646264323537343365653331
32633734386437303438353364326465366335306265316635326662663438383832656266666562
35643763303631393031336163656233346136336330393733663433346130636161633161393366
65646665323234613234616231303535333466626534646537633131316564393965656162643230
30623332646162303966643162363964623337323264636366313731626431313035346331666431
37356131343162346362313037396233613263383438656363363063336663623638656265343261
63363936373736646165643064363035313562303134396430383262643838373536633032633732
33383835386261343837373764393538346262613831316331323034626630613339656134303137
64633236333966353038393932306662326665303866343466393465653030626639343937376538
65363438383263363763356339663433613032613861666237303465326462326434383431626564
373436323064343038333230623465613764
