$ANSIBLE_VAULT;1.1;AES256
36393437366539396338333938386161616533373433323265343632366633396238663335613166
3566653061346339313264633961393632383937313864310a386162613334626365313636653463
39346538346663343634393433333834326464313365336163353738346436646535393564346161
3763656538626633300a386266343437633834643462356435323263323030373866353333663930
63333363623832616239653837346633656564383833303231643734663565353339346430613733
33633564373638646637623362346432393437373939366363633735656430613964643234646134
37393330343534323036626532316463366139346636653032626263646663353438643630366365
35366236333336663565663731623833613232383635326265663132356563326661626430613065
32386638636165303438616165393531363430326438333933336633663131383162653230326530
35323933346466343965646332626134303632646139626139643435333439386265303735313130
39376539653264363833633239386538613165393835373735636566663931323139613933646265
39653431303064303465343864336637326135303265626135316330656331323337643563626664
38663339386233303036626161323937303966343965623362326166623466353761393962366539
65343461633936633439326564356463623536346663313663626238646363646361323638373038
30623061383363353130613333626534643331616432636134336537313862643533376633333261
64333766393833393837643939386339356361666539656535666566346436643762336436343061
32396662346262363732623731663737653963333233323832333935333066633065356535623432
33643163653537663634646664303134396533636536356266633838316331356534646331343330
65383766393462393233653637356232643339383737643339313637333133343430313061353034
31373836356464663164623930366665616463356563343765393462323637343464643936636364
36313430343264363839643036353663303039633764363333623838636664616633376566353335
37613237306430366332343836623532316331393731626566313936613130343661376638666436
33323237643431613238643662646332663238636438386230623765363033663634636637396530
64643465386361656137376461653734346465373530653133363839663862306234653332646130
38336463653233646436326264303434636262373135356235616631356666656138393461613466
36323039383638313134393437303631363030323333303830386230336236656364613966373338
65626563313735323839653336653530346139326561376335316539363231613239343963633831
66623062623462633962333235346665363539393937626131623939653836306534613737356138
65666535383033623530666631376365626464316462396633376461323465373961366565333335
36386337306566656336656361666636313938363739613437386165393861396330323664373131
39303231316531623832306266313737313263383135653862633861336537313434616334306436
65366566653139393436633165363136633433333633383465333361663835333462626339663165
31613230653763376539363265323063323934303233353666633533376136353933633961363635
39396361343066323639326331313361363765626339393535393630646565653731316662363936
35303734396437383138393338313236636331633566636535333335326539656563393039393363
33363262643735363239626538343962386365336561363735623732393863616533363966373235
36363732353736366532316561333465336464306664616534363631656637636538393133393837
61393138323563626135656463393833623532326532663139353338313330636265343334646263
62386261333432386635326538346139316334626664366533663137636538336465633431666237
30663462323430373965663965323566376233346263316365313632373165626139343132376463
65396134316232353433653063383862383262373231316263303233316364613734666261656162
62376436643137323933303365633637666234316466363134643466636163643233656164376666
64383937336262376562666561653833306165643630353939343638646339333938353637653166
37363262646132303634386565663937313335373337613938373539356464616637353964633638
62326166616136613566323265336236316435633833633662376133306235663535613766346431
61623538313532343161376638376439373933323962396136333766646166366632613639616436
33666635303231633561393162306665626564333530316664353734613737313933333935393962
30623138356334626630633266366130393762333264613361613664633433343833383562336638
63323736333764333661353432383835653061316365323733353038343938303432393262333762
36386361303036646636316637333165396639303262353563386532383438613137623162616139
32393363303330343066396631323463373231326564343634396231643562613064306632383636
66396262396639316563383236333538353061623762623965656533373338666238613235313664
62643332306533636430326163656364336437323761653339303362626434643730316334363231
35343832323933326332623935303835353432643838633937663634613337393933376236346330
34356437393866336365363037383733333166313163356262313165363934363361623839396236
65623839376534326533333635643565353231643334386464383365393261633462613733343137
66323937663535626633666334353334373962363932623636386563646261633834386436336530
38373239316230653634613938376463356464626634363539323762626564363662613536653935
64313539356333643238343331393739653338306132353962323532646565636533386432636630
63303238366265326230326461633862333066326331366230313836653765663066383031303833
61303030393939626565623261613064656366666665303732393837633038363062393533623637
36313636666535323336313438653965613033303163616666363363306464366361623338623239
63646164663532626461356665636564383666313536306165393433373764383534366533323539
61333534303135643232343262306439336262353239346538336663383637636531393534646164
39373538323333656635396330313034646534353737366266616532653534383135326564666664
66636635306463323434333833303932376566316130626565326235386462393363346363633632
61353066393562643738303232393631636436366333393338656664653030373064653038393934
31346237663331633838643062636330326633383465373238373766643163643961363165393636
65616262633962326464353135316231653064643830646262323638336664373436663161383963
61613033366537653536366463356238346531633231316638353666623735333039623733306361
61306562396236386631386536613830373134383962646662613065333633316365633534383836
62393234666333616565396361656465333439653565386138393430356635333630393236646439
64336636613036383433643537396164376634386636323733323261393533663166636561303331
31636538643966666536356131323536343163616139386535653332383234306336643364353536
37326232363863643065613162383764313334343162616536633134303862663564643832323665
63656532323562646230306462623164613134373939373739326235636135313037306236643532
36383337336139643531306331643639623339306436646166313732393864613163633036616136
64346537656530663263326666306533613033613730663736646432656565636234613531636334
65376637303466646162326137393435383565633762323066336363363932626639626132353430
39363538336665356331396566353136376235343935316633333430613664396436393437343137
61353237663133636235613564313736366431383530386265353462366636303535383237613563
34363835663931623331363538333435666331353136353439613635393836363739616634666130
31306561643262366566373832393538326430333435353233353633376266303764333861383034
38373166383834306365663835306538343339316433306130613639626364393033343463343234
64303032356339623866663731656632323830656430666165306636383036393834346536393033
36343565383938653463326136373138366633363163323865633833636463356332366431353936
35366464386231353436363664613337386563336331626638626131306361323262303364346366
30373865306338313835366264623839656233323931653036383436383463666439666363313830
32363039646561336637313831313230396166623366396437626132343636333036326636393533
63643865646164353366643439363939623136373334623134343034636130333137323065653061
62663236376333666439383835616137373439343130636330643961373935386637656630666666
63373463393935656164633838623839656339306338613936623937303064386166353937616336
63363835613565313331353465613533366630373530326466373161303831653834383934386162
34636264623861316336356631656338376337313536303235633466326364343261303238646439
62313263386363326638313064313930373733646261303366643037323133393537356261376432
63616362343566306339316637396337663237333037396665303632633434623062313837303936
36633262333531373439353465376130346335303138323938323061313536623462373161613331
65333538633430653733363036323861343162666134306639363337616533666561613465353161
31633334313530646134373361346436623764316436376230646439363530643433336130363063
66343462376464353264636266386330343964353035646262313634303463633865363563303535
37396465616539636166386631393161363035313139333064623037656333613831306537333937
31326466396232343366303363366239373464393364303832646166336166643936343062336564
31383463656365336362653062643965303962366436356230646133343238346530323563353937
64333564366363353539663539646132363432623062646235613064356136373937666465626164
33306662383034373937386364303539383436303566666561373839346231373961316630306664
63666537393333666532336261343531363762363539333934303866356466633535626335353831
66633835613139613862336530383065323134316662656364306235626330623564326361316236
38613639653166386165373432656165313837393130653836323332326134313430386166663537
62383138633231623664393839666134353831353137616463353738323562633865383938643334
36396462636538313763363738316333623334353030376465333931626535626431303031313666
39623430356636363962376434633630326539343535333966656664393366353535393134323461
65646239623265356537326332666632393030643039643765383866396134613765653238663966
30333631353462323333623765386231363637366339366232323462363965653831326131613332
66373931376638303635643439633262613064346261636133646539653363666333323936396664
66653161336664386139396632363538613765383463663864303363303966396634316639623530
32613137633563356131313738323133663137396165306163313163316638636434353063346536
64653134656631366238633432656136323236353530656431643333386636323761613364313331
63313131336330333936303164356136353436316235353964623866333766633562313432313232
35313234306233393738356636363962643161666231393630306561643632633337313831323931
35313162666531663234383062623964333962383363646565663232616637653930363237383335
39616465393430623234633033323838666435376431663266656365343662613065333363633332
39326632343233636237363238653632396465656131303163346161393234323134666331643234
64613166646665316134386465396235326161383332343162643765373064626164326166326261
35363762636163343537663635643563633539323263653737336536643137613030386339346461
61316632623535376131353066363130626363383838373866633532643831663535373532663738
38633334303439343335623837383936336434316363666530326563333230623231643062636463
30333838616534663364616136666636356137373265396139316266633265653266373933626630
33666531393766333866376138626262323564336365303330303332643562313434326262663732
34363263616639623564396532653962613561613233303765336162653733393438373436653231
34633563353530633061356635313237323164656361373839326135343930643161373836663865
61663037316233633233326431643330653534323932633138363333663663343061386234303966
34653734386562666138353038386139373737333934346138343265363135623137313162646338
37356438613864306664353062393062663266356166303738393666373664336463333530623062
31663339343165343339636364616638636638666564666333376339653966643064376336633633
30356236313164373831636337316137616239383235373734646239343939633532376561656236
61353736386264623561623961363766396532306133363262663964653837633664376462373238
35363335626633363538326531633836613438653661633864353264336639623539303237326163
30666431316638366637303566646161383336623064336339363063303833383836313731633733
64613039643161363238383261663532353532643430376666333431303665366432393131643364
34393137316430326630383838323461343737316262343539613664653533303166393637636535
36393437656462336234373365666564623835636264653266343664366564623039363936323661
33306231626661343262376237343338643134336265343630373363343434636637653434356165
65653336383536343561326332366161386663303234323338393865353133643731383465653163
65353739663863613333653036396334653730346638363762393831393632316531356134336434
63643638373436323830383761306463333863626531626265643564343230303238323331316639
37333963666361613362633963666438396638633364343761613163643763363333356130396135
62356464666133666633616233366333646536363335386135316266373264386663356238643638
30333534316131303434666233653136316439373232356431626366366631346139396635633938
33303933386430643836643265356537353565653162656335666164323230666138666137383736
35616332333132353832663330663132393365373433356564306363353438363762663338366638
36336362333166376461376562613462306339383063653936616230343237633737313632376162
63663538316665313333303530326137386139623539663039353734633164613361646230393866
37643037636136313765616531313530636365366663326337346234343734346565646639616634
62633435333633643832663263303037653063623164653431386365386233333634653066623339
34666436633732613861343839646638386635643365326265633366613234373037656339356631
36613833623865346630316266623830303165623365656438613263353063316663393863663536
61633064353561303736333333626339363861396430633961303566643264326162623933336561
39636161333232663364346134663364623632393063303139333162356438303435386432393335
65636339303234336631386231616663326262373463323530336536316163363636343164343332
32643963626530646635626635373537303432336463313237666634343638623462383638376464
62336335386539343563626563623165303132623965616264646266646135383236363364333736
65663336323334663736623737323631303537313533306637356239333037323230303764373764
37313237623134643930663032353532373765633533303135316333326263326361366332303534
64303035373161393838663637356465666334313364313638373033346662653138653030636562
33656663656263653030326231653837363565626537333934643963623865396361353739646532
34393661653162626165353231613531393834616134656439376662383538313165366263383832
66666334353337613565656464666164653732343461333033323337343165383264346337656530
61626164633336666465366134636264656561313062393665306362623230333838666630646231
62623161666563363634336533636131366364313430376632633765313336353662303230396630
65353534656565363037633236303364653134386462383033346233303661303565663338306565
63326461353135373139306537623032313834636565373062333736313430313161336430326137
39636566343562616434636566613763376164666533333961653731623133633338653535393533
34623433653138386237643739313532363436623936303638343137373430653766383761643234
39306361343031646565386462316336316664653664396436343533326137313831623431353233
38373830396432623464643336666236393233373831306364656565376261323434323164363234
36643839356666393164313934646461623062383633646232616232656164646432616235356335
30386264306536323534626239363963353438396237346166623239313038323664343731323864
64643236353766396461336463396135333731376430336162356238333137373564353766346633
39316162303938613561656264303830393133633239316331366261613130383337623530356166
36626461333464383930666163656539336165323961383638633765373161306533316138366334
35313563386332653365306162633531653231653932626131373335663033333933656566656531
30623734393237663565613634396339373761643337396664623932613565656633636564613964
62366437393530303430616632623636643033613835363234313662653865303964643061383163
61633436313031323034616634623764393865366537383561313665343731356532373933636561
36333634633435353261656133316138343165623135333166663564313939343165336365613761
37333361373030616435376536653931353231326262333336366262366334363239663931633764
65613834623563646139346664333033623737653034313537646436666135313234633736646135
61363331343335363063363135646461323662633761626336313861383034333462356361653662
35666631636139623037343133333239366265386134623533623438626433383863623265656566
64666233656637383737656461393366356338663165626538323161393166376233626361663466
34356332303465316136306633396666326536653861623038393837326433343636306462623835
36303763646261396264373530313961346338326266323162346434636564363536363830343632
32346532353765333962313861366336643263386433633038373261623461316463393762333138
37383335643530333666343033323734383066343161306335393332393537303733626536636535
63613839396231336237613530373462356637636435663966656132323034626637316539396362
65316361653530303635333138633838333932353762313661343663623232313230353937656464
34353238623430313061333963383437623130356136396332313832396235663639613864666430
31333431353066633234303265316362313763616638663434613831396134343232333238396466
31393862393865623836393965306366303535396662343537623830326137396436353630396431
38333061356431343965376438353563653830353639656663643331646637383534643830663530
66303461663435393165643738396566323536653765656633366435333065363731333365626234
38623834336533326530303634626565653134383966666339643733636139396632343435613132
36346432353262393031376135653261313138396234653032373761313762646531363138343237
62636233393937633333663439646639656336336262376334343566653934653366623365613330
39373330613037373337363936633837353130336561303362353030383930383237653464366363
64643534343366663134326561613735336566323464386562616534646463343239346430613032
64323339643963326132396633653365626664303134363630303837383032623533343533306166
39316331383539643764666338623839356335636638656432393165323639323535386638306362
65653166666439643330386161616265373839616562643661373061636534363139643663333036
64633937626434396539613736393734363837663538386236313562373737626666306539643931
36613461333862623365346565376465313237306562373937303435336130656638366430376637
33333361326633383135396532623162313366623765346365323534393932663132326132663762
64646138663961333230633239623164666463656238303032373034373930313662346163316338
33383235623339336331363762336266396265613666616132666136373266633930356235323633
33393061663937623537343935343863356366373463666535623835643032356164353634333131
38313232626330663334383562303337343238366132613865373730333664376564373338646166
62383061366531303933626631326334366338656537343837343861303964663365396439653936
35333634616261303536626136333135313134336232363136636637353765623362656338373330
36333839303838643034333135333334666232313163633233346464623937356632333930633063
61306536646366613137613466643630666536613365663564306263306435663861616136343930
64336365613862626630636233306530663361383935353466383233623132613439653765396566
37616238313237643834363736313634646138643261366533383866313637383334616435643462
63653530656663653239653930316430616539386130623339336332393332313030313062623831
30663062666238636534383363663632363265366231666435633335376332313736313434626138
63343362663261343464306435313738656637336364336133643665326363663830613032373732
32626666646666663230373465373331373666633039613661343363323532646161616530636334
30653132613039616465386437316235383366373861373636343933383033313432383131353962
65653938393330663963643166623865653963616265333262366139306138326232323137643565
36633066336137333766633639623232313130653935643438616539303833336239383034393835
31366163623665613638663434343961363830643935636261343964643533383833356565646134
34316164386661363937346333613262636337306563623336643637616131376438613561383231
33333033346537633561306232626163393362623163313164373863653961303064386533653362
35383032333265626638323133386239336437333837376661363330306232353963336237643465
64643439383663383934653465353466623734353061336339373136366134326430353635393565
64313837623437646437616639633631393832313834386662323964653437323961653238396263
30363662613731623033643961366461303035356534666366323932366262373161613530343539
38363933383932386130663032323666373663336437376239633330366363626138303837646364
66396663616463303434646135363936373736353465363532303164646233386636656163363938
38636537396232613865346239666464396366373666326135373166656137336639323561393930
30366335353938313166306534623138313337656264306363613031653432666362613238643038
39323664343435613537616238326365323138663634663061343832653863353762653939373864
38396663376237343066323937346165373439316136376632313130336238393766353730656565
66636432373265663331393832376431613535303462323561326534653031653338383737373863
30666333323761653365653661623164303535323266396463313339346461336439383036326535
65666537353062643131623735613963373333313332646565626465366461363761663937376138
39383061333132616163623332613438653965323632366439656331343030346234383963336439
63663666306631633836633162623661613065646438663437613736393130363735613661316363
65633263633532616436326666376261386435366637623834396239366338323333626562666238
65363161386236323966616562383134613637353630616162656230643036376565346361376339
38646333646132323930613938636263353064633536643536333565336139636665326363633462
34306634316437343264336233633332313731653038316562383662336136316561373334323231
66356234633264633663633566336432646665393532616163663030613639336532343234313163
35316230643766666235336562356636373266303865356366666265356237346435653765653565
36353936366661363238663930623163373864323634376665343134646364633832326537303138
63663062653931313231303462653938663738393938376633393231623434316530633333393732
62643264396364363662346232613436326433306335626663623965376632373532653339396432
39353530656336643539363738326265396261653731616338653562363136333866326339626362
39366338353262373165646262373961663430383565393863336564653262363866323530636638
35353834633339643735613635626466656437636131386361333933616365646266373139656130
37333630323431323862366337383539613664333436666534313833303034623138343465313361
62316561616663343836336637373330386363353939633639333035663663346237643737636261
63333564313864356262333639303735386236376231373833313066326162666463616336353736
64343737306163656163313562346265313933636233303132643038323362383135363130656330
37323462343532346238336365383566613638666539393231313538343566323439623332353866
64386138663761326137383565306261633262613635653939373963373931326636333530623430
61633237653033626265366564356638656632343630396637633130633966373937633266303437
65346264666663373038383433366366326363386531633562613830613363333165343236376237
34623962346363633432663636316337633030623366306331383962343835663836616530346134
38666166366536383566373164646238336164633739376431363761396235663732623737633433
62623137633133343365643731386634386232376165346633343265626337626561616630373835
32313835383632306166333532616163386362373864623361353738386133613032333436663138
62383762313930353361373634343636393139386134663738316232663664636339643062356133
33326566313864363765353334313236653630303132386133316466303635366534353862383538
65376138353833306261303562643664353864313365663565396464396532633733366533326537
35393632636638323264356335616136383038633566616334666663363034343732343462653739
38633634366465626664326536626462666335366165373131656665343461616665363364363636
32653639326666633330363631383734666130626334656433353465313566626237376138646130
66303939343238643135343564316231646662353365613466633136346434653030303833356636
66373134666162383431383462343332623766653235303334316365643234646333633238313162
30663336613762613231333366373836343838346335613230613634346364323633316339313230
32303136303464353361363937353535643563333033383237353564623861643932393764613032
35643535336437386366323439653531383736633762623931393438663965363433643335363033
35643535336461396233376533393337376532356136323732626232333464623338663064316137
64623235613337346434366230643161643831383230336132353362643931346662636137613535
35326130356335306233336462376565346366616436353163646334333931366536363164343663
65353262336236393437613230393462363861386136353262323764313932336565383761336139
37323932366630313934616562306238666365326538623637346636363433363233383566653931
34366363303566653462376133613338643861346164326431393466313139343262333838333139
66343165383166656461616135616665643165336165333637353934373236323536656563306539
33353434356334333663613237306261386562343465333863323461363130386361613765383434
33646630323439383732323061306562303538316636323730656664313236323763313534383331
34326332386133373938313335313765306630623737343464353164356264616637653932336662
66663766376536666533663737336630303835393362663261646636616236333736386438376237
34326663376339353038303836376337386332383361636664646361633538383432623735323337
35326531316639646335363063643039316661373536303632613837666261366530383132613433
31316162346136306234366265333662313233633861336566613734623430303661616333313337
62633766633065396464626461363635306634633631306636313263346462656436373732613930
31353736376535396630383931636431646439333239663162333165636637316531303630643733
32363362613562356230656464613465393539613162373062656639343334396631643761323636
65323861333737623464303938663833303733653934393738336231646434353562373732656266
37643264386566326635353962636165333061303739306566663938343738313030623266373234
66323764633035613336666432636362363939623766383035343735333338613032373031633935
356230646663633064613766323465653631
