$ANSIBLE_VAULT;1.1;AES256
31343263353730326230656234633830303464363539646530373538333933343436363434393935
3231306463616266663238633966336238646662383438620a636432323336373661353365386630
39623664656639613333636231633630306566303130366264313066306530363432373964643736
6564643537353463610a333134666434373839623463343231306631613330393630653964343537
35393633386630353530653463373432346336306435316662386531626531353261303833316235
32633732393736636362663066316632633062353764633731646232656462376231333738316166
61626430343165373231633230376165396430626337313263623736303532396232653831396638
65313332363637323062633263326130326566386331383432306535336564383637333133376561
38653964396164316337643762373764393439633937343636626161616461333938646563396135
38613236343862323434323930623663376263393130306266616161613837643966626238613132
65343539653835613937643535646137333239623439396464366635366133383566336333386337
64393966613464663335373264613533396664626333633363353764313436346535346430316636
35383463383763383062303664356266363862636337383535313232636134613861386632373362
33643664363966333831383435653566316134633036363466383764663434356664643634636231
36376536356339383036353539666330636233353030303534646466663837396537663865386439
63306363346463643831393037393633333836316132323136303165656562316435613130353963
63666232386334643736316337643534363231376631656337666539623434656262643864386366
32333737393662353863616163623833336639616566653261346366343562376630383934373731
37636639343537346538653531303638316433643062333037333363303233313931653435393736
33633864393062316436643333363532343334616335353466313061363435643962316237313436
66626665623138343964373361633337633032323062393830653334616261336235613435306635
39366263663734306130346539373035323230663036323635326465373266623237383736356634
39613235366264363134336562666536363032383734663962323834656239303163356339303734
37353333373966393130326335633134323938303234613165653836373566363234623361313732
31636430653738343838363430623936396461643131623931343139313263643631316565343438
33306366393932643237376562323033633534303263353561356337366131376439323764363365
62366434633732663537393235383564383763316566653561356464383766313864636533366438
36616136303662666332386336373837633436376163386630323837653964333032393635363237
37363362643637633665613265366363663966366362616665643236393637363436656666383437
65396266613437643432393865336134666533306630646330393934633833623162356637323164
37393534666536633637653239316538653335643430323936663933623364393766623235373962
34353864376630396233303330653362653737346438653533666238333662646431653064313163
38623031663133366434656132363733656134653931393139626531333434383438383139313339
64323263333062313961626436383938363838663834636663653033626261303230323330383865
34363263656666303830353338386161366434643532303734333632373630646561653737363639
34373533316139306132373138353931356134396538386661663362316232323934393063616439
37643439313433383563333637356163666164363531376333373835636237373630366233323832
63653731373439623466333838333662653561656163343036383836613838653134346465393830
31383834303239626236653764353664646366326431366232326534323064356432636566653762
36373161666464326163653735313937306638356539623537306263376637623961643333333235
34396136393733376531633330386439323935333732306137636130363533353833356433373436
64383530313433643133646535646631366566356537303330386564643166326430353634656662
65613762346166343531313336623132633638613661313730306461383538313737626164376166
38373166336339336234383163643134633537303034653265636430656231646562313339303139
39343238343666643732316534333834643636663132306230343432653463353664393064396234
38646130633866346437363664613064613265633434613564626536373032363266363939613939
36366636636434303264663237636339633035383564613233656637663937616665346338666439
63393735353031386131663738383738613335306563356266343337383532353363646639613863
35643439383434383466393038323161663637363239653535323064666663616539663765366163
63366433613930383165653965636564666534393238343237353161646565373164333861393135
31636334336131386365396335323861636138613264303736376336396665383134623065653335
66643361313930336335333363373537623565336231326431303464633663316366656664316263
37616634633966393030656332376339623966336437643436623565636133333163353062636665
61356561396632363038663532663532373064353638643730373663663139396130653630623534
33643735663861303337333837633036633635623137616330613236663934306438623633363764
63643539316663313836386331343535363338333638366565663364363865623766666337363237
37383634356537613562663134393463626434333437343338383562336665333364333361336139
34336231306435656666353066656536636338323461316330623131323962383133323865653938
39306432626261613461303733313738376231643562663935333761616463396239623161393064
30323233333261633030363930386539646638616263373136306138346332663436393639633031
33663932366530633061336230323938353761393731613764343332346134343561396663666139
65376535636564323737646239383462333635623434326662386466663038323466303464343833
64653764633731323036633633366235613864396337633061363266623765373330323037663135
32643434363861643062636135366164653337653435303864373536376538336164363738653962
38643636396437663566346539613731643134343630326564333061666162633434
