$ANSIBLE_VAULT;1.1;AES256
30636565303735383666313862353439373435303539306134623130366633326564393035613937
3162386532303032386634373732623561306437323931390a393031353865333938306431303333
38343732333737313136313064333565373064323765653232336134393538633636323330616464
6364613731366366630a663731393039633734643134303336356632343061613535383865616663
33626265353064643036663965343833643762363262356333326161646662613133613532616463
62636637353161333664653037616139323766373633303662636235313336353032366462353235
39363236653536613063326565306234643337346466326437613566366666633062356236306639
36333131646233346666373161353866353232393336663965393831383832313961313066306265
61353463366235666230323662353664613566353965316439383763306165663736636535376461
30333735623130306438346234626437316165386435366464373462323662643130326164623361
38663534326132393131363430353636636532396632376331306437333034616439313730303430
37363566313564393137386430373063623433313733616265353335613066373638613961646263
32373135636263366265643862353437623261656265323135613861336230656263326239363663
66316662663430326662646166663636326363333938303764626335353763376539323863656337
30346263363239653733306232386634323933346638623235653635316632316232383962343238
37393462313838656333
