$ANSIBLE_VAULT;1.1;AES256
64343865376563356432663462303761353539616163653137333365323663353836633335356433
3462656634646530643662383865343330616230333930640a633930666465386561653434373431
62313764353737326162336430383561626137336630346266303031623061656661333935653934
3863356534316538340a653730613836643535623038626137326464613137383133653833326235
33313565643063313463363466653835613437313262613138363762333163653136386361646532
35646235306334623963653061663138383136393161616333666563356663316135623235376161
37646339323431353139663466393733633361306334313965613132343461333735333664333062
66323133343662326134363965323163643235343430363861363432313935353662373164666662
62303639313333363533653336663137393262643964373130316134333564323365663861636232
37613862343964366533336130393635613332353734636336393065656237366564666439653138
35363932626437643864633665373361626333303934663238326233336335623630353964373665
35323338356263373137343565373934306166626133643839346663336533643937636338353564
33343662313264666638376638356561353630303036343037383034366361336131656161323039
37646363386562383863643337396461656130306333313064363462343332323038396135323265
36643130646536386531303039343837616663656463376130326237313539626362663734633765
61616135666666336664636665306565323034306130393266333131323061626338666233393164
38303461393334373536616634666361633537373837346138343934623863643931323763303830
66313835366366616133666338376430633861313862663461336262326665383737303333633964
373635333734383539353766636131356537
