$ANSIBLE_VAULT;1.1;AES256
65303561363663356531313839643065386234326138643836343165666138613833333562633235
6661396536366638653961623536366237396566353631390a313332656332323233376236623663
30663337343266353135313463333832636361336233336232353964353336343065376536643337
3261613933363662630a363235353663636262313131363232616332306130653633616265666461
35343038383632343339353063313161356236633563363761636239623636313962613433626439
61333735363463386566643436363136633362366432396234616161613838306266316536323238
32316461633462623361373662323130376331316465666330623630616365616265643138316635
35376662326364313731346262623635663931323133646565323439333462613937393163346330
66363464336662663132386437306261333765623232386464323337353436393165633734653236
62643966366161393937313535383039616633613530303761303861353565363130663830633264
66666366383535666461306531613031613931663633383866653365623936653365353664623934
37356132633466353163343666343333613763383565636439663364613162356437663836343939
61326534633031383762623538396632626365356638303663333432656636303833
